xof 0303txt 0032
template Frame {
 <3d82ab46-62da-11cf-ab39-0020af71e433>
 [...]
}

template Matrix4x4 {
 <f6f23f45-7686-11cf-8f52-0040333594a3>
 array FLOAT matrix[16];
}

template FrameTransformMatrix {
 <f6f23f41-7686-11cf-8f52-0040333594a3>
 Matrix4x4 frameMatrix;
}


Frame Point005 {
 

 FrameTransformMatrix {
  1.000000,0.000000,0.000000,0.000000,0.000000,-0.000000,-1.000000,0.000000,0.000000,1.000000,-0.000000,0.000000,0.000000,0.000000,2.000000,1.000000;;
 }

 Frame Bone039 {
  

  FrameTransformMatrix {
   -0.173636,-0.240608,-1.255668,0.000000,0.294235,1.225661,-0.275545,0.000000,1.244195,-0.323430,-0.110075,0.000000,-1.100000,0.160826,-0.757496,1.000000;;
  }

  Frame Bone040 {
   

   FrameTransformMatrix {
    0.992125,-0.123563,0.020527,0.000000,0.124829,0.988901,-0.080580,0.000000,-0.010342,0.082508,0.996537,0.000000,2.099895,0.000000,0.000000,1.000000;;
   }

   Frame Bone041 {
    

    FrameTransformMatrix {
     0.997905,0.044510,0.046942,0.000000,-0.042524,0.998192,-0.042486,0.000000,-0.048749,0.040401,0.997993,0.000000,2.859020,0.000000,0.000001,1.000000;;
    }

    Frame Bone042 {
     

     FrameTransformMatrix {
      0.985429,-0.071705,0.154235,0.000000,0.083251,0.994085,-0.069741,0.000000,-0.148322,0.081565,0.985570,0.000000,2.581038,0.000000,-0.000000,1.000000;;
     }
    }
   }
  }
 }

 Frame Bone043 {
  

  FrameTransformMatrix {
   0.168512,-0.216415,-1.260759,0.000000,-0.308090,1.227352,-0.251860,0.000000,1.241543,0.333942,0.108621,0.000000,1.100000,0.160826,-0.757496,1.000000;;
  }

  Frame Bone044 {
   

   FrameTransformMatrix {
    0.999237,-0.035421,-0.016481,0.000000,0.036698,0.995700,0.085058,0.000000,0.013397,-0.085598,0.996240,0.000000,2.099895,0.000000,0.000000,1.000000;;
   }

   Frame Bone045 {
    

    FrameTransformMatrix {
     0.988071,0.147822,-0.043168,0.000000,-0.145603,0.988044,0.050688,0.000000,0.050145,-0.043798,0.997781,0.000000,2.859020,0.000001,0.000001,1.000000;;
    }

    Frame Bone046 {
     

     FrameTransformMatrix {
      0.988410,-0.061639,-0.138731,0.000000,0.073299,0.994050,0.080567,0.000000,0.132940,-0.089803,0.987048,0.000000,2.581038,0.000000,0.000000,1.000000;;
     }
    }
   }
  }
 }
}