xof 0303txt 0032
template Frame {
 <3d82ab46-62da-11cf-ab39-0020af71e433>
 [...]
}

template Matrix4x4 {
 <f6f23f45-7686-11cf-8f52-0040333594a3>
 array FLOAT matrix[16];
}

template FrameTransformMatrix {
 <f6f23f41-7686-11cf-8f52-0040333594a3>
 Matrix4x4 frameMatrix;
}

template AnimTicksPerSecond {
 <9e415a43-7ba6-4a73-8743-b73d47e88476>
 DWORD AnimTicksPerSecond;
}

template Animation {
 <3d82ab4f-62da-11cf-ab39-0020af71e433>
 [...]
}

template AnimationSet {
 <3d82ab50-62da-11cf-ab39-0020af71e433>
 [Animation <3d82ab4f-62da-11cf-ab39-0020af71e433>]
}

template FloatKeys {
 <10dd46a9-775b-11cf-8f52-0040333594a3>
 DWORD nValues;
 array FLOAT values[nValues];
}

template TimedFloatKeys {
 <f406b180-7b3b-11cf-8f52-0040333594a3>
 DWORD time;
 FloatKeys tfkeys;
}

template AnimationKey {
 <10dd46a8-775b-11cf-8f52-0040333594a3>
 DWORD keyType;
 DWORD nKeys;
 array TimedFloatKeys keys[nKeys];
}


Frame SceneRoot {
 

 FrameTransformMatrix {
  1.000000,0.000000,0.000000,0.000000,0.000000,1.000000,0.000000,0.000000,0.000000,0.000000,1.000000,0.000000,0.000000,0.000000,0.000000,1.000000;;
 }

 Frame babyroshan_crownfall_flying_vmdl_c {
  

  FrameTransformMatrix {
   0.008682,-0.000000,-0.049240,0.000000,0.049240,0.000000,0.008682,0.000000,0.000000,-0.050000,0.000000,0.000000,0.000000,0.000000,0.000000,1.000000;;
  }

  Frame root {
   

   FrameTransformMatrix {
    0.952681,0.000000,-0.303972,0.000000,-0.303972,-0.000000,-0.952681,0.000000,-0.000000,1.000000,-0.000000,0.000000,-32.901920,0.000000,-51.169776,1.000000;;
   }

   Frame bagrootbot_0 {
    

    FrameTransformMatrix {
     0.080300,-0.936135,-0.342351,0.000000,0.821140,0.256828,-0.509675,0.000000,0.565049,-0.240191,0.789321,0.000000,82.369523,6.309174,-7.003605,1.000000;;
    }

    Frame bagrootbot_1 {
     

     FrameTransformMatrix {
      0.607614,-0.791687,-0.063535,0.000000,0.792213,0.598427,0.119513,0.000000,-0.056596,-0.122950,0.990798,0.000000,25.403635,0.000137,0.000170,1.000000;;
     }

     Frame bagrootbot_1_end {
      

      FrameTransformMatrix {
       1.000000,0.000000,0.000000,0.000000,0.000000,1.000000,0.000000,0.000000,0.000000,-0.000000,1.000000,0.000000,-0.000023,-0.000008,1000.14611,1.000000;;
      }
     }
    }
   }

   Frame bagroottop_0 {
    

    FrameTransformMatrix {
     0.564628,0.209658,0.798273,0.000000,-0.787811,-0.151455,0.597006,0.000000,0.246069,-0.965974,0.079655,0.000000,84.908109,7.665176,4.974564,1.000000;;
    }

    Frame bagroottop_1 {
     

     FrameTransformMatrix {
      0.425966,0.358273,0.830779,0.000000,0.304425,0.807953,-0.504518,0.000000,-0.851985,0.467818,0.235093,0.000000,13.120232,0.000027,-0.000004,1.000000;;
     }

     Frame bagroottop_1_end {
      

      FrameTransformMatrix {
       1.000000,-0.000000,0.000000,0.000000,0.000000,1.000000,0.000000,0.000000,-0.000000,0.000000,1.000000,0.000000,-0.000040,0.000042,516.54378,1.000000;;
      }
     }
    }
   }

   Frame spine1 {
    

    FrameTransformMatrix {
     0.880271,0.471663,-0.051549,0.000000,-0.474056,0.869753,-0.137113,0.000000,-0.019836,0.145134,0.989213,0.000000,7.406132,15.331390,-1.376877,1.000000;;
    }

    Frame spine2 {
     

     FrameTransformMatrix {
      0.902373,-0.430771,-0.012644,0.000000,0.427857,0.891984,0.145958,0.000000,-0.051596,-0.137118,0.989210,0.000000,26.665053,0.000038,-0.000066,1.000000;;
     }

     Frame clavicle_L {
      

      FrameTransformMatrix {
       0.103779,-0.264520,0.958780,0.000000,0.994201,0.000296,-0.107532,0.000000,0.028161,0.964380,0.263017,0.000000,12.796558,3.579895,7.403092,1.000000;;
      }

      Frame bicep_L {
       

       FrameTransformMatrix {
        0.400113,-0.789559,-0.465302,0.000000,-0.208159,-0.572738,0.792868,0.000000,-0.892513,-0.220380,-0.393514,0.000000,20.899832,-0.000036,0.000069,1.000000;;
       }

       Frame elbow_L {
        

        FrameTransformMatrix {
         -0.266586,-0.963690,-0.015272,0.000000,0.963762,-0.266699,0.005876,0.000000,-0.009736,-0.013152,0.999866,0.000000,27.751782,0.000031,-0.000008,1.000000;;
        }

        Frame wrist_L {
         

         FrameTransformMatrix {
          0.201945,0.700377,0.684610,0.000000,-0.133155,0.712155,-0.689279,0.000000,-0.970303,0.048037,0.237075,0.000000,23.310531,0.000004,-0.000034,1.000000;;
         }

         Frame Index_0_L {
          

          FrameTransformMatrix {
           0.862128,0.224036,0.454469,0.000000,-0.161905,0.971721,-0.171886,0.000000,-0.480126,0.074607,0.874021,0.000000,13.553158,-1.859968,-2.413188,1.000000;;
          }

          Frame Index_1_L {
           

           FrameTransformMatrix {
            0.999092,-0.027509,-0.032550,0.000000,0.027549,0.999620,0.000763,0.000000,0.032517,-0.001659,0.999470,0.000000,7.906303,-0.000002,0.000044,1.000000;;
           }

           Frame Index_1_L_end {
            

            FrameTransformMatrix {
             1.000000,0.000000,-0.000000,0.000000,0.000000,1.000000,0.000000,0.000000,-0.000000,0.000000,1.000000,0.000000,-0.000023,-0.000021,311.276518,1.000000;;
            }
           }
          }
         }

         Frame Thumb_0_L {
          

          FrameTransformMatrix {
           0.501301,-0.716193,0.485556,0.000000,0.352076,-0.343772,-0.870554,0.000000,0.790405,0.607361,0.079821,0.000000,1.464661,-5.680412,4.386226,1.000000;;
          }

          Frame Thumb_1_L {
           

           FrameTransformMatrix {
            1.000000,0.000000,0.000000,0.000000,-0.000000,1.000000,0.000000,0.000000,-0.000000,-0.000000,1.000000,0.000000,8.577330,0.000002,-0.000031,1.000000;;
           }

           Frame Thumb_1_L_end {
            

            FrameTransformMatrix {
             1.000000,-0.000000,0.000000,0.000000,-0.000000,1.000000,-0.000000,0.000000,-0.000000,0.000000,1.000000,0.000000,-0.000008,-0.000004,337.691981,1.000000;;
            }
           }
          }
         }
        }
       }
      }

      Frame LWing_0 {
       

       FrameTransformMatrix {
        -0.026842,0.567557,0.822897,0.000000,0.978664,0.182670,-0.094065,0.000000,-0.203706,0.802814,-0.560351,0.000000,-1.572197,-12.743368,18.299378,1.000000;;
       }

       Frame LWing_1 {
        

        FrameTransformMatrix {
         0.402494,0.914912,-0.030580,0.000000,-0.815768,0.373635,0.441497,0.000000,0.415356,-0.152754,0.896742,0.000000,13.775558,0.000025,-0.000137,1.000000;;
        }

        Frame LWing_2 {
         

         FrameTransformMatrix {
          -0.057986,-0.961882,-0.267247,0.000000,0.979660,-0.003313,-0.200637,0.000000,0.192103,-0.273445,0.942510,0.000000,30.281274,-0.000038,0.000263,1.000000;;
         }

         Frame LWing_3 {
          

          FrameTransformMatrix {
           -0.840846,-0.072560,0.536389,0.000000,-0.009307,-0.988889,-0.148362,0.000000,0.541195,-0.129741,0.830828,0.000000,46.144538,0.000076,-0.000072,1.000000;;
          }

          Frame LWing_4 {
           

           FrameTransformMatrix {
            0.840409,-0.312225,0.442980,0.000000,0.276198,0.950010,0.145600,0.000000,-0.466295,-0.000014,0.884632,0.000000,-29.452483,13.935597,-9.473450,1.000000;;
           }

           Frame LWing_5 {
            

            FrameTransformMatrix {
             1.000002,0.000000,0.000000,0.000000,-0.000000,1.000002,-0.000000,0.000000,-0.000000,0.000000,1.000002,0.000000,-29.316819,-7.170021,-9.401734,1.000000;;
            }

            Frame LWing_5_end {
             

             FrameTransformMatrix {
              1.000000,-0.000000,0.000000,0.000000,-0.000000,1.000000,0.000000,0.000000,0.000000,0.000000,1.000000,0.000000,-0.000008,0.000046,1244.60186,1.000000;;
             }
            }
           }
          }
         }

         Frame LWingInner_0 {
          

          FrameTransformMatrix {
           0.912499,-0.403376,0.068066,0.000000,0.392548,0.910242,0.131780,0.000000,-0.115113,-0.093529,0.988939,0.000000,0.917473,-1.012688,0.000931,1.000000;;
          }

          Frame LWingInner_1 {
           

           FrameTransformMatrix {
            0.815653,-0.204411,-0.541227,0.000000,0.155451,0.978534,-0.135302,0.000000,0.557266,0.026226,0.829920,0.000000,42.183389,0.000046,-0.000328,1.000000;;
           }

           Frame LWingInner_1_end {
            

            FrameTransformMatrix {
             1.000000,0.000000,-0.000000,0.000000,0.000000,1.000000,0.000000,0.000000,0.000000,-0.000000,1.000000,0.000000,0.000015,0.000114,1660.82816,1.000000;;
            }
           }
          }
         }
        }
       }
      }
     }

     Frame neck1 {
      

      FrameTransformMatrix {
       0.995167,-0.098196,-0.000000,0.000000,0.098196,0.995167,-0.000000,0.000000,0.000000,-0.000000,1.000000,0.000000,23.253941,-0.000008,-0.000001,1.000000;;
      }

      Frame head {
       

       FrameTransformMatrix {
        0.994039,-0.109028,-0.000340,0.000000,0.109028,0.994039,-0.000105,0.000000,0.000349,0.000067,1.000000,0.000000,12.615933,-5.024483,-0.000063,1.000000;;
       }

       Frame Jaw1_0 {
        

        FrameTransformMatrix {
         1.000000,-0.000000,-0.000000,0.000000,0.000000,1.000000,-0.000000,0.000000,-0.000000,0.000000,1.000000,0.000000,7.653824,-12.658859,0.000001,1.000000;;
        }

        Frame Jaw1_0_end {
         

         FrameTransformMatrix {
          1.000000,0.000000,0.000000,0.000000,-0.000000,1.000000,0.000000,0.000000,0.000000,-0.000000,1.000000,0.000000,0.000008,0.000008,582.38150,1.000000;;
         }
        }
       }

       Frame hair_01_JNT {
        

        FrameTransformMatrix {
         -0.843140,0.537697,-0.000000,0.000000,-0.537697,-0.843140,0.000000,0.000000,-0.000000,0.000000,1.000002,0.000000,7.289062,12.929680,-0.000000,1.000000;;
        }

        Frame hair_02_JNT {
         

         FrameTransformMatrix {
          0.915240,0.402913,-0.000000,0.000000,-0.402913,0.915240,0.000000,0.000000,0.000000,0.000000,1.000002,0.000000,22.162902,0.000008,-0.000061,1.000000;;
         }

         Frame hair_03_JNT {
          

          FrameTransformMatrix {
           0.943977,0.330015,0.000000,0.000000,-0.330015,0.943977,0.000000,0.000000,-0.000000,-0.000000,1.000002,0.000000,22.162923,-0.000061,-0.000061,1.000000;;
          }

          Frame hair_04_JNT {
           

           FrameTransformMatrix {
            0.967031,0.254668,-0.000000,0.000000,-0.254668,0.967031,0.000000,0.000000,0.000000,-0.000000,1.000002,0.000000,22.162939,-0.000038,0.000062,1.000000;;
           }

           Frame hair_05_JNT {
            

            FrameTransformMatrix {
             0.994512,-0.104647,0.000000,0.000000,0.104647,0.994512,-0.000000,0.000000,-0.000000,0.000000,1.000002,0.000000,22.162918,-0.000038,-0.000062,1.000000;;
            }

            Frame hair_06_JNT {
             

             FrameTransformMatrix {
              0.904735,-0.425981,0.000000,0.000000,0.425981,0.904735,-0.000000,0.000000,0.000000,0.000000,1.000002,0.000000,22.162930,0.000015,0.000000,1.000000;;
             }

             Frame hair_07_JNT {
              

              FrameTransformMatrix {
               1.000002,-0.000004,0.000000,0.000000,0.000004,1.000002,-0.000000,0.000000,0.000000,0.000000,1.000002,0.000000,22.162957,0.000000,0.000060,1.000000;;
              }

              Frame hair_07_JNT_end {
               

               FrameTransformMatrix {
                1.000000,0.000000,0.000000,0.000000,0.000000,1.000000,-0.000000,0.000000,-0.000000,0.000000,1.000000,0.000000,0.000046,0.000000,872.70618,1.000000;;
               }
              }
             }
            }
           }
          }
         }
        }
       }

       Frame head_feather_R_01_JNT {
        

        FrameTransformMatrix {
         -0.645933,0.436340,-0.626404,0.000000,-0.067995,-0.850173,-0.522097,0.000000,-0.760362,-0.294647,0.578823,0.000000,16.820488,3.768494,-11.005838,1.000000;;
        }

        Frame head_feather_R_02_JNT {
         

         FrameTransformMatrix {
          0.980907,0.013837,0.193995,0.000000,-0.032328,0.995192,0.092479,0.000000,-0.191782,-0.096985,0.976636,0.000000,13.157974,0.000023,0.000122,1.000000;;
         }

         Frame head_feather_R_03_JNT {
          

          FrameTransformMatrix {
           0.971330,0.030207,0.235816,0.000000,-0.055196,0.993448,0.100097,0.000000,-0.231247,-0.110243,0.966631,0.000000,15.765118,-0.000015,-0.000015,1.000000;;
          }

          Frame head_feather_R_end_JNT {
           

           FrameTransformMatrix {
            0.976533,0.105777,0.187611,0.000000,-0.118061,0.991455,0.055525,0.000000,-0.180134,-0.076371,0.980675,0.000000,15.705072,0.000008,0.000107,1.000000;;
           }

           Frame head_feather_R_end_JNT_end {
            

            FrameTransformMatrix {
             1.000000,0.000000,0.000000,0.000000,0.000000,1.000000,0.000000,0.000000,-0.000000,0.000000,1.000000,0.000000,-0.000028,0.000008,618.33542,1.000000;;
            }
           }
          }
         }
        }
       }

       Frame head_feather_01_JNT {
        

        FrameTransformMatrix {
         -0.426925,0.904288,-0.000000,0.000000,-0.904289,-0.426925,0.000000,0.000000,-0.000000,0.000000,1.000002,0.000000,15.601173,8.753235,0.097959,1.000000;;
        }

        Frame head_feather_02_JNT {
         

         FrameTransformMatrix {
          0.987444,0.157977,-0.000000,0.000000,-0.157977,0.987444,-0.000000,0.000000,0.000000,-0.000000,1.000001,0.000000,13.060822,0.555115,-0.000063,1.000000;;
         }

         Frame head_feather_03_JNT {
          

          FrameTransformMatrix {
           0.965392,0.260809,-0.000000,0.000000,-0.260808,0.965392,-0.000000,0.000000,0.000000,0.000000,1.000001,0.000000,15.580757,1.099793,-0.000001,1.000000;;
          }

          Frame head_feather_end_JNT {
           

           FrameTransformMatrix {
            0.997404,0.072028,0.000000,0.000000,-0.072028,0.997404,-0.000000,0.000000,-0.000000,-0.000000,1.000001,0.000000,15.715774,0.303955,-0.000002,1.000000;;
           }

           Frame head_feather_end_JNT_end {
            

            FrameTransformMatrix {
             1.000000,-0.000000,-0.000000,0.000000,0.000000,1.000000,0.000000,0.000000,0.000000,0.000000,1.000000,0.000000,-0.000011,0.000038,618.90317,1.000000;;
            }
           }
          }
         }
        }
       }

       Frame head_feather_L_01_JNT {
        

        FrameTransformMatrix {
         -0.613953,0.407771,0.675861,0.000000,-0.001230,-0.856724,0.515776,0.000000,0.789344,0.315830,0.526489,0.000000,16.354813,4.135231,11.685921,1.000000;;
        }

        Frame head_feather_L_02_JNT {
         

         FrameTransformMatrix {
          0.980907,0.013837,-0.193998,0.000000,-0.032328,0.995192,-0.092476,0.000000,0.191785,0.096982,0.976636,0.000000,13.157663,0.000015,0.000069,1.000000;;
         }

         Frame head_feather_L_03_JNT {
          

          FrameTransformMatrix {
           0.971327,0.030292,-0.235818,0.000000,-0.055281,0.993444,-0.100091,0.000000,0.231239,0.110258,0.966631,0.000000,15.765474,-0.000015,0.000031,1.000000;;
          }

          Frame head_feather_L_end_JNT {
           

           FrameTransformMatrix {
            0.976524,0.105862,-0.187612,0.000000,-0.118145,0.991446,-0.055518,0.000000,0.180130,0.076380,0.980676,0.000000,15.705230,-0.000031,0.000023,1.000000;;
           }

           Frame head_feather_L_end_JNT_end {
            

            FrameTransformMatrix {
             1.000000,-0.000000,0.000000,0.000000,0.000000,1.000000,-0.000000,0.000000,-0.000000,0.000000,1.000000,0.000000,-0.000008,0.000000,618.34317,1.000000;;
            }
           }
          }
         }
        }
       }
      }
     }

     Frame clavicle_R {
      

      FrameTransformMatrix {
       -0.103780,0.264520,0.958780,0.000000,-0.994201,-0.000295,-0.107533,0.000000,-0.028162,-0.964380,0.263017,0.000000,12.796566,3.579918,-7.403094,1.000000;;
      }

      Frame bicep_R {
       

       FrameTransformMatrix {
        0.472548,-0.777810,-0.414379,0.000000,-0.357794,-0.599013,0.716357,0.000000,-0.805408,-0.190250,-0.561358,0.000000,-20.899910,0.000065,-0.000183,1.000000;;
       }

       Frame elbow_R {
        

        FrameTransformMatrix {
         -0.420489,-0.904300,-0.073689,0.000000,0.861743,-0.372646,-0.344289,0.000000,0.283880,-0.208271,0.935968,0.000000,-27.751632,-0.000061,0.000328,1.000000;;
        }

        Frame wrist_R {
         

         FrameTransformMatrix {
          -0.055640,0.375879,0.924997,0.000000,-0.013234,0.926073,-0.377112,0.000000,-0.998363,-0.033224,-0.046552,0.000000,-23.310566,0.000017,-0.000038,1.000000;;
         }

         Frame Thumb_0_R {
          

          FrameTransformMatrix {
           0.501303,-0.716192,0.485557,0.000000,0.352077,-0.343771,-0.870554,0.000000,0.790403,0.607365,0.079822,0.000000,-1.464653,5.680342,-4.386273,1.000000;;
          }

          Frame Thumb_1_R {
           

           FrameTransformMatrix {
            1.000000,0.000000,0.000000,0.000000,-0.000000,1.000000,-0.000000,0.000000,0.000000,0.000000,1.000000,0.000000,-8.577328,-0.000008,0.000034,1.000000;;
           }

           Frame Thumb_1_R_end {
            

            FrameTransformMatrix {
             1.000000,0.000000,-0.000000,0.000000,0.000000,1.000000,0.000000,0.000000,-0.000000,0.000000,1.000000,0.000000,-0.000015,-0.000015,337.693158,1.000000;;
            }
           }
          }
         }

         Frame Index_0_R {
          

          FrameTransformMatrix {
           0.843215,0.144427,0.517812,0.000000,-0.076026,0.985591,-0.151096,0.000000,-0.532173,0.088040,0.842046,0.000000,-13.553139,1.859865,2.413142,1.000000;;
          }

          Frame Index_1_R {
           

           FrameTransformMatrix {
            0.996379,0.064045,0.055912,0.000000,-0.065134,0.997716,0.017873,0.000000,-0.054640,-0.021450,0.998275,0.000000,-7.906234,-0.000027,-0.000004,1.000000;;
           }

           Frame Index_1_R_end {
            

            FrameTransformMatrix {
             1.000000,0.000000,0.000000,0.000000,0.000000,1.000000,0.000000,0.000000,0.000000,0.000000,1.000000,0.000000,0.000000,-0.000015,311.278285,1.000000;;
            }
           }
          }
         }
        }
       }
      }

      Frame RWing_0 {
       

       FrameTransformMatrix {
        -0.085909,-0.437473,-0.895118,0.000000,-0.968537,-0.173960,0.177975,0.000000,-0.233574,0.882245,-0.408764,0.000000,1.571879,12.743601,-18.299317,1.000000;;
       }

       Frame RWing_1 {
        

        FrameTransformMatrix {
         0.423551,0.905797,-0.011718,0.000000,-0.825766,0.380745,-0.416105,0.000000,-0.372445,0.185918,0.909241,0.000000,13.775680,0.000002,0.000105,1.000000;;
        }

        Frame RWing_2 {
         

         FrameTransformMatrix {
          -0.030613,-0.984815,0.170887,0.000000,0.908106,0.044029,0.416419,0.000000,-0.417620,0.167932,0.892968,0.000000,30.281283,-0.000015,-0.000149,1.000000;;
         }

         Frame RWing_3 {
          

          FrameTransformMatrix {
           -0.854092,-0.260472,-0.450202,0.000000,0.084012,-0.923290,0.374804,0.000000,-0.513293,0.282295,0.810456,0.000000,46.144598,-0.000042,0.000053,1.000000;;
          }

          Frame RWing_4 {
           

           FrameTransformMatrix {
            0.840409,-0.312220,0.442983,0.000000,0.276192,0.950012,0.145601,0.000000,-0.466298,-0.000016,0.884630,0.000000,-29.452010,13.935776,9.473503,1.000000;;
           }

           Frame RWing_5 {
            

            FrameTransformMatrix {
             1.000002,0.000000,0.000000,0.000000,-0.000000,1.000002,0.000000,0.000000,-0.000000,-0.000000,1.000002,0.000000,-9.512466,-0.658035,30.139014,1.000000;;
            }

            Frame RWing_5_end {
             

             FrameTransformMatrix {
              1.000000,0.000000,-0.000000,0.000000,-0.000000,1.000000,0.000000,0.000000,-0.000000,0.000000,1.000000,0.000000,0.000000,-0.000107,1244.61005,1.000000;;
             }
            }
           }
          }
         }

         Frame RWingInner_0 {
          

          FrameTransformMatrix {
           0.916590,-0.385136,0.107397,0.000000,0.393833,0.916010,-0.076304,0.000000,-0.068989,0.112235,0.991284,0.000000,0.917450,-1.012688,-0.001068,1.000000;;
          }

          Frame RWingInner_1 {
           

           FrameTransformMatrix {
            0.826065,0.087146,0.556797,0.000000,0.023455,0.981800,-0.188463,0.000000,-0.563087,0.168742,0.808987,0.000000,42.183274,-0.000069,0.000221,1.000000;;
           }

           Frame RWingInner_1_end {
            

            FrameTransformMatrix {
             1.000000,-0.000000,0.000000,0.000000,0.000000,1.000000,0.000000,0.000000,-0.000000,0.000000,1.000000,0.000000,-0.000015,-0.000114,1660.83085,1.000000;;
            }
           }
          }
         }
        }
       }
      }
     }
    }
   }

   Frame Tail_0 {
    

    FrameTransformMatrix {
     -0.445502,-0.893922,-0.049317,0.000000,0.894241,-0.446963,0.023605,0.000000,-0.043144,-0.033585,0.998504,0.000000,-5.504974,-10.411465,0.000002,1.000000;;
    }

    Frame Tail_1 {
     

     FrameTransformMatrix {
      0.027697,-0.995684,-0.088574,0.000000,0.999530,0.026417,0.015592,0.000000,-0.013185,-0.088964,0.995948,0.000000,22.198589,-0.000008,-0.000000,1.000000;;
     }

     Frame Tail_2 {
      

      FrameTransformMatrix {
       0.978661,0.188091,-0.082724,0.000000,-0.189821,0.981726,-0.013498,0.000000,0.078674,0.028912,0.996481,0.000000,18.341880,-0.000031,-0.000001,1.000000;;
      }

      Frame Tail_2_end {
       

       FrameTransformMatrix {
        1.000000,0.000000,0.000000,0.000000,0.000000,1.000000,-0.000000,0.000000,-0.000000,0.000000,1.000000,0.000000,0.000004,0.000000,722.11680,1.000000;;
       }
      }
     }
    }
   }

   Frame thigh_R {
    

    FrameTransformMatrix {
     -0.266597,0.856703,0.441573,0.000000,-0.914814,-0.369141,0.163862,0.000000,0.303384,-0.360272,0.882136,0.000000,0.000004,0.957253,-9.868634,1.000000;;
    }

    Frame knee_R {
     

     FrameTransformMatrix {
      -0.201328,-0.979413,0.014748,0.000000,0.979348,-0.201554,-0.015922,0.000000,0.018567,0.011237,0.999764,0.000000,-36.947648,-0.000003,0.000336,1.000000;;
     }

     Frame ankle_R {
      

      FrameTransformMatrix {
       0.477151,0.820978,-0.313563,0.000000,-0.864612,0.502441,-0.000182,0.000000,0.157397,0.271197,0.949567,0.000000,-20.515667,-0.000067,-0.000183,1.000000;;
      }

      Frame toeBall_R {
       

       FrameTransformMatrix {
        0.865698,0.425328,-0.263936,0.000000,-0.499484,0.768645,-0.399625,0.000000,0.032901,0.477787,0.877859,0.000000,-13.920840,0.000004,0.000099,1.000000;;
       }

       Frame RToe8_0 {
        

        FrameTransformMatrix {
         0.836413,-0.547940,0.013228,0.000000,0.547984,0.836489,0.000344,0.000000,-0.011253,0.006961,0.999912,0.000000,-10.847070,5.038105,-0.000063,1.000000;;
        }

        Frame RToe8_0_end {
         

         FrameTransformMatrix {
          1.000001,0.000000,0.000000,0.000000,0.000000,1.000000,-0.000000,0.000000,-0.000000,0.000000,1.000000,0.000000,0.000004,-0.000011,470.86678,1.000000;;
         }
        }
       }
      }
     }
    }
   }

   Frame thigh_L {
    

    FrameTransformMatrix {
     0.071885,-0.838503,0.540134,0.000000,0.972233,0.179820,0.149759,0.000000,-0.222700,0.514371,0.828147,0.000000,0.000004,0.957249,9.868617,1.000000;;
    }

    Frame knee_L {
     

     FrameTransformMatrix {
      -0.208049,-0.977812,0.024484,0.000000,0.978059,-0.208248,-0.005832,0.000000,0.010801,0.022734,0.999683,0.000000,36.947661,0.000035,0.000229,1.000000;;
     }

     Frame ankle_L {
      

      FrameTransformMatrix {
       0.422924,0.844718,-0.328005,0.000000,-0.888362,0.457899,0.033799,0.000000,0.178744,0.277092,0.944071,0.000000,20.515651,-0.000060,-0.000004,1.000000;;
      }

      Frame toeBall_L {
       

       FrameTransformMatrix {
        0.852673,0.460987,-0.245844,0.000000,-0.522445,0.752345,-0.401284,0.000000,-0.000027,0.470605,0.882345,0.000000,13.920818,-0.000008,-0.000099,1.000000;;
       }

       Frame LToe5_0 {
        

        FrameTransformMatrix {
         0.752770,-0.657867,-0.023414,0.000000,0.658224,0.751746,0.040245,0.000000,-0.008875,-0.045707,0.998915,0.000000,10.630511,-5.454975,-0.855698,1.000000;;
        }

        Frame LToe5_0_end {
         

         FrameTransformMatrix {
          1.000000,0.000000,0.000000,0.000000,-0.000000,1.000000,-0.000000,0.000000,0.000000,-0.000000,1.000000,0.000000,0.000004,-0.000015,471.61642,1.000000;;
         }
        }
       }
      }
     }
    }
   }
  }
 }
}

AnimTicksPerSecond  {
 4800;
}

AnimationSet Anims_1 {
 

 Animation {
  
  { babyroshan_crownfall_flying_vmdl_c }

  AnimationKey  {
   4;
   2;
   0;16;0.008682,-0.000000,-0.049240,0.000000,0.049240,0.000000,0.008682,0.000000,0.000000,-0.050000,0.000000,0.000000,0.000000,0.000000,0.000000,1.000000;;,
   17600;16;0.008682,-0.000000,-0.049240,0.000000,0.049240,0.000000,0.008682,0.000000,0.000000,-0.050000,0.000000,0.000000,0.000000,0.000000,0.000000,1.000000;;;
  }
 }

 Animation {
  
  { root }

  AnimationKey  {
   4;
   111;
   0;16;0.952681,0.000000,-0.303972,0.000000,-0.303972,-0.000000,-0.952681,0.000000,-0.000000,1.000000,-0.000000,0.000000,-32.901920,0.000000,-51.169776,1.000000;;,
   160;16;0.983907,-0.018510,-0.177720,0.000000,-0.177564,0.009762,-0.984061,0.000000,0.019950,0.999781,0.006318,0.000000,-36.820742,0.469147,-48.058384,1.000000;;,
   320;16;0.998101,-0.041816,0.045238,0.000000,0.046017,0.017859,-0.998781,0.000000,0.040957,0.998966,0.019749,0.000000,-40.823581,1.036866,-46.276790,1.000000;;,
   480;16;0.955597,-0.070236,0.286185,0.000000,0.288281,0.021567,-0.957303,0.000000,0.061065,0.997297,0.040857,0.000000,-44.038947,1.722218,-46.059238,1.000000;;,
   640;16;0.863283,-0.103029,0.494093,0.000000,0.498324,0.018630,-0.866791,0.000000,0.080100,0.994504,0.067425,0.000000,-46.155472,2.560688,-47.253312,1.000000;;,
   800;16;0.740032,-0.138401,0.658177,0.000000,0.665317,0.007297,-0.746526,0.000000,0.098517,0.990349,0.097481,0.000000,-47.421914,3.604178,-49.320016,1.000000;;,
   960;16;0.620591,-0.171257,0.765204,0.000000,0.775067,-0.014004,-0.631724,0.000000,0.118904,0.985127,0.124045,0.000000,-47.799779,5.081014,-52.262816,1.000000;;,
   1120;16;0.531533,-0.200279,0.823020,0.000000,0.835754,-0.034065,-0.548047,0.000000,0.137799,0.979147,0.149277,0.000000,-47.360099,6.900986,-56.110048,1.000000;;,
   1280;16;0.485606,-0.225704,0.844538,0.000000,0.860184,-0.048800,-0.507644,0.000000,0.155791,0.972973,0.170449,0.000000,-45.604950,9.131126,-61.769498,1.000000;;,
   1440;16;0.490615,-0.247105,0.835605,0.000000,0.853981,-0.054305,-0.517463,0.000000,0.173245,0.967466,0.184381,0.000000,-42.501603,11.654182,-68.945626,1.000000;;,
   1600;16;0.550577,-0.263405,0.792139,0.000000,0.812873,-0.046818,-0.580556,0.000000,0.190007,0.963549,0.188338,0.000000,-38.482538,14.168630,-76.139654,1.000000;;,
   1760;16;0.638161,-0.265790,0.722569,0.000000,0.741932,-0.038373,-0.669376,0.000000,0.205641,0.963267,0.172709,0.000000,-35.548432,16.429922,-79.416429,1.000000;;,
   1920;16;0.718779,-0.262857,0.643633,0.000000,0.658980,-0.037485,-0.751226,0.000000,0.221592,0.964106,0.146275,0.000000,-33.516538,18.666757,-80.120781,1.000000;;,
   2080;16;0.791920,-0.257978,0.553453,0.000000,0.562972,-0.042561,-0.825379,0.000000,0.236485,0.965213,0.111529,0.000000,-31.895184,20.955746,-79.527891,1.000000;;,
   2240;16;0.854720,-0.254295,0.452535,0.000000,0.455182,-0.051901,-0.888884,0.000000,0.249526,0.965733,0.071390,0.000000,-30.478282,23.319525,-78.362157,1.000000;;,
   2400;16;0.903454,-0.254727,0.344797,0.000000,0.340120,-0.063653,-0.938225,0.000000,0.260939,0.964916,0.029130,0.000000,-29.345350,25.726797,-76.797370,1.000000;;,
   2560;16;0.933778,-0.265966,0.239419,0.000000,0.228669,-0.071158,-0.970900,0.000000,0.275263,0.961353,-0.005628,0.000000,-28.958682,28.119146,-74.751053,1.000000;;,
   2720;16;0.947356,-0.286332,0.143285,0.000000,0.129163,-0.067719,-0.989308,0.000000,0.292974,0.955734,-0.027171,0.000000,-29.136701,30.359622,-72.416346,1.000000;;,
   2880;16;0.949730,-0.307347,0.059586,0.000000,0.043747,-0.058176,-0.997347,0.000000,0.309998,0.949818,-0.041806,0.000000,-29.765475,32.269011,-69.835507,1.000000;;,
   3040;16;0.946586,-0.322255,-0.011211,0.000000,-0.028241,-0.048220,-0.998438,0.000000,0.321211,0.945424,-0.054745,0.000000,-30.785680,33.753261,-66.959398,1.000000;;,
   3200;16;0.942724,-0.325951,-0.070903,0.000000,-0.090152,-0.044315,-0.994942,0.000000,0.321160,0.944348,-0.071162,0.000000,-32.192634,34.803466,-63.647456,1.000000;;,
   3360;16;0.940703,-0.321880,-0.107103,0.000000,-0.129007,-0.047443,-0.990508,0.000000,0.313743,0.945591,-0.086155,0.000000,-34.090794,35.567002,-59.862861,1.000000;;,
   3520;16;0.946141,-0.311377,-0.088664,0.000000,-0.114818,-0.066656,-0.991148,0.000000,0.302711,0.947946,-0.098818,0.000000,-36.792813,36.240528,-56.506509,1.000000;;,
   3680;16;0.957778,-0.286849,0.019463,0.000000,-0.012526,-0.109263,-0.993934,0.000000,0.287236,0.951724,-0.108243,0.000000,-40.376704,36.767482,-53.921958,1.000000;;,
   3840;16;0.946502,-0.243799,0.211412,0.000000,0.173330,-0.168515,-0.970340,0.000000,0.272194,0.955073,-0.117243,0.000000,-44.254746,36.922848,-52.244883,1.000000;;,
   4000;16;0.884316,-0.180912,0.430415,0.000000,0.389433,-0.222706,-0.893725,0.000000,0.257541,0.957953,-0.126489,0.000000,-47.173440,36.313187,-51.403091,1.000000;;,
   4160;16;0.806327,-0.122213,0.578706,0.000000,0.541288,-0.241925,-0.805282,0.000000,0.238419,0.962567,-0.128919,0.000000,-47.346253,34.333085,-51.830170,1.000000;;,
   4320;16;0.717382,-0.069801,0.693174,0.000000,0.661013,-0.246079,-0.708877,0.000000,0.220056,0.966733,-0.130393,0.000000,-46.989434,31.992890,-52.491158,1.000000;;,
   4480;16;0.636323,-0.026846,0.770955,0.000000,0.745005,-0.237911,-0.623190,0.000000,0.200149,0.970916,-0.131387,0.000000,-46.191475,29.273338,-53.713805,1.000000;;,
   4640;16;0.579594,0.004736,0.814891,0.000000,0.795394,-0.220800,-0.564443,0.000000,0.177255,0.975308,-0.131742,0.000000,-45.014541,26.171973,-55.857005,1.000000;;,
   4800;16;0.558665,0.024277,0.829038,0.000000,0.815454,-0.198564,-0.543697,0.000000,0.151418,0.979787,-0.130728,0.000000,-43.494592,22.703176,-59.310861,1.000000;;,
   4960;16;0.597775,0.030463,0.801085,0.000000,0.792209,-0.175467,-0.584480,0.000000,0.122759,0.984014,-0.129022,0.000000,-40.568957,18.419232,-67.397082,1.000000;;,
   5120;16;0.663946,0.035617,0.746932,0.000000,0.742070,-0.154585,-0.652254,0.000000,0.092233,0.987337,-0.129066,0.000000,-37.814019,14.488467,-73.958381,1.000000;;,
   5280;16;0.732465,0.043736,0.679399,0.000000,0.678057,-0.136440,-0.722235,0.000000,0.061109,0.989682,-0.129593,0.000000,-35.601101,11.043482,-78.141325,1.000000;;,
   5440;16;0.792077,0.056030,0.607844,0.000000,0.609683,-0.121573,-0.783267,0.000000,0.030011,0.991000,-0.130455,0.000000,-33.994307,8.078462,-79.883386,1.000000;;,
   5600;16;0.842402,0.070918,0.534163,0.000000,0.538850,-0.110545,-0.835117,0.000000,-0.000175,0.991338,-0.131337,0.000000,-32.750653,5.449194,-79.913069,1.000000;;,
   5760;16;0.884748,0.082876,0.458642,0.000000,0.465410,-0.104747,-0.878875,0.000000,-0.024797,0.991040,-0.131246,0.000000,-31.853942,3.098060,-79.170739,1.000000;;,
   5920;16;0.920001,0.089303,0.381607,0.000000,0.389481,-0.099948,-0.915595,0.000000,-0.043625,0.990977,-0.126734,0.000000,-31.425280,0.892430,-77.983885,1.000000;;,
   6080;16;0.948297,0.086659,0.305325,0.000000,0.312778,-0.091851,-0.945375,0.000000,-0.053881,0.991995,-0.114207,0.000000,-31.571731,-1.176486,-76.412256,1.000000;;,
   6240;16;0.970007,0.073585,0.231672,0.000000,0.237075,-0.075912,-0.968521,0.000000,-0.053682,0.994396,-0.091080,0.000000,-32.321158,-3.135195,-74.477050,1.000000;;,
   6400;16;0.985453,0.050895,0.162147,0.000000,0.164554,-0.047311,-0.985233,0.000000,-0.042472,0.997583,-0.054998,0.000000,-33.622275,-5.027932,-72.161050,1.000000;;,
   6560;16;0.994648,0.039382,0.095518,0.000000,0.096231,-0.016607,-0.995221,0.000000,-0.037607,0.999086,-0.020307,0.000000,-35.312678,-7.029828,-69.212525,1.000000;;,
   6720;16;0.998809,0.035448,0.033537,0.000000,0.033137,0.011816,-0.999381,0.000000,-0.035822,0.999302,0.010628,0.000000,-37.275334,-9.136562,-65.678618,1.000000;;,
   6880;16;0.999301,0.035004,-0.013144,0.000000,-0.014577,0.040991,-0.999053,0.000000,-0.034432,0.998546,0.041472,0.000000,-39.413955,-11.349872,-61.811366,1.000000;;,
   7040;16;0.999224,0.033338,-0.020956,0.000000,-0.023321,0.072219,-0.997116,0.000000,-0.031729,0.996832,0.072940,0.000000,-42.041232,-13.624224,-58.097254,1.000000;;,
   7200;16;0.998594,0.025117,0.046679,0.000000,0.043798,0.105060,-0.993501,0.000000,-0.029858,0.994149,0.103812,0.000000,-45.878861,-15.866814,-55.257306,1.000000;;,
   7360;16;0.964639,-0.010815,0.263354,0.000000,0.262475,0.130649,-0.956053,0.000000,-0.024067,0.991370,0.128868,0.000000,-49.358205,-17.680098,-53.544074,1.000000;;,
   7520;16;0.890719,-0.050618,0.451728,0.000000,0.454145,0.141305,-0.879651,0.000000,-0.019305,0.988671,0.148851,0.000000,-51.065565,-18.945678,-52.664986,1.000000;;,
   7680;16;0.795986,-0.087325,0.598983,0.000000,0.605143,0.138372,-0.784000,0.000000,-0.014419,0.986523,0.162987,0.000000,-51.271011,-19.608078,-52.419110,1.000000;;,
   7840;16;0.697816,-0.116634,0.706717,0.000000,0.716238,0.123926,-0.686765,0.000000,-0.007481,0.985413,0.170015,0.000000,-50.398934,-19.604616,-52.651110,1.000000;;,
   8000;16;0.603802,-0.136904,0.785290,0.000000,0.797130,0.100610,-0.595366,0.000000,0.002500,0.985462,0.169879,0.000000,-49.028141,-18.865429,-53.251283,1.000000;;,
   8160;16;0.565197,-0.143773,0.812331,0.000000,0.824766,0.077382,-0.560154,0.000000,0.017675,0.986581,0.162315,0.000000,-46.949606,-16.840413,-55.271597,1.000000;;,
   8320;16;0.565968,-0.145660,0.811457,0.000000,0.823630,0.056643,-0.564291,0.000000,0.036231,0.987712,0.152028,0.000000,-44.221798,-14.030430,-59.662515,1.000000;;,
   8480;16;0.607495,-0.144174,0.781130,0.000000,0.792258,0.039114,-0.608931,0.000000,0.057239,0.988779,0.137985,0.000000,-40.970211,-10.732319,-65.862381,1.000000;;,
   8640;16;0.678467,-0.140943,0.720984,0.000000,0.730359,0.023726,-0.682651,0.000000,0.079109,0.989733,0.119037,0.000000,-37.598128,-7.294867,-72.480192,1.000000;;,
   8800;16;0.757970,-0.137620,0.637607,0.000000,0.644522,0.007614,-0.764548,0.000000,0.100362,0.990456,0.094471,0.000000,-34.786739,-4.118844,-77.295648,1.000000;;,
   8960;16;0.820932,-0.139232,0.553792,0.000000,0.557544,-0.014061,-0.830028,0.000000,0.123354,0.990160,0.066085,0.000000,-33.079827,-1.441122,-77.736646,1.000000;;,
   9120;16;0.873488,-0.145655,0.464547,0.000000,0.464487,-0.036520,-0.884826,0.000000,0.145844,0.988661,0.035755,0.000000,-31.491517,1.067161,-77.489229,1.000000;;,
   9280;16;0.914874,-0.158071,0.371508,0.000000,0.366992,-0.057966,-0.928416,0.000000,0.168291,0.985725,0.004979,0.000000,-30.111347,3.404830,-76.727213,1.000000;;,
   9440;16;0.944468,-0.177197,0.276733,0.000000,0.267147,-0.076330,-0.960628,0.000000,0.191343,0.981211,-0.024754,0.000000,-29.048390,5.564584,-75.544416,1.000000;;,
   9600;16;0.961929,-0.203266,0.182692,0.000000,0.167595,-0.089303,-0.981803,0.000000,0.215882,0.975042,-0.051837,0.000000,-28.431296,7.532990,-73.954746,1.000000;;,
   9760;16;0.964551,-0.245244,0.097454,0.000000,0.079299,-0.082869,-0.993401,0.000000,0.251702,0.965913,-0.060484,0.000000,-28.645229,9.426912,-71.737005,1.000000;;,
   9920;16;0.957601,-0.287515,0.018295,0.000000,-0.001499,-0.068474,-0.997652,0.000000,0.288092,0.955325,-0.066001,0.000000,-29.119523,11.367306,-69.126112,1.000000;;,
   10080;16;0.944542,-0.323634,-0.055699,0.000000,-0.077148,-0.053819,-0.995566,0.000000,0.319202,0.944650,-0.075802,0.000000,-29.738022,13.342857,-66.038202,1.000000;;,
   10240;16;0.927821,-0.351920,-0.123695,0.000000,-0.147606,-0.041829,-0.988161,0.000000,0.342579,0.935095,-0.090755,0.000000,-30.449117,15.354046,-62.427635,1.000000;;,
   10400;16;0.908769,-0.375163,-0.182735,0.000000,-0.209291,-0.030916,-0.977365,0.000000,0.361022,0.926443,-0.106613,0.000000,-31.265805,17.413155,-58.287053,1.000000;;,
   10560;16;0.902063,-0.391191,-0.182353,0.000000,-0.213914,-0.038265,-0.976103,0.000000,0.374865,0.919514,-0.118199,0.000000,-32.524422,19.492285,-54.266259,1.000000;;,
   10720;16;0.915587,-0.394570,-0.077553,0.000000,-0.121067,-0.086570,-0.988862,0.000000,0.383462,0.914778,-0.127032,0.000000,-35.028173,21.813522,-51.079955,1.000000;;,
   10880;16;0.920552,-0.377187,0.101561,0.000000,0.042985,-0.160602,-0.986083,0.000000,0.388249,0.912106,-0.131629,0.000000,-37.536624,23.781566,-48.729731,1.000000;;,
   11040;16;0.889471,-0.339160,0.306288,0.000000,0.233130,-0.239699,-0.942441,0.000000,0.393055,0.909678,-0.134137,0.000000,-39.151043,24.856352,-47.321926,1.000000;;,
   11200;16;0.833919,-0.289298,0.469984,0.000000,0.389033,-0.295885,-0.872414,0.000000,0.391448,0.910362,-0.134198,0.000000,-39.314406,24.553051,-47.067741,1.000000;;,
   11360;16;0.774327,-0.234891,0.587574,0.000000,0.508640,-0.321338,-0.798766,0.000000,0.376433,0.917370,-0.129346,0.000000,-38.747155,22.518138,-47.465363,1.000000;;,
   11520;16;0.719804,-0.188068,0.668216,0.000000,0.595653,-0.326994,-0.733670,0.000000,0.356482,0.926124,-0.123348,0.000000,-38.016621,19.688854,-48.571565,1.000000;;,
   11680;16;0.685948,-0.153771,0.711217,0.000000,0.648099,-0.315267,-0.693235,0.000000,0.330823,0.936462,-0.116598,0.000000,-37.189856,16.203781,-50.784566,1.000000;;,
   11840;16;0.681887,-0.133488,0.719174,0.000000,0.667229,-0.289371,-0.686345,0.000000,0.299727,0.947864,-0.108252,0.000000,-36.251613,12.145727,-54.989613,1.000000;;,
   12000;16;0.708594,-0.125173,0.694425,0.000000,0.653989,-0.253014,-0.712939,0.000000,0.264940,0.959331,-0.097422,0.000000,-35.104400,7.541734,-62.559046,1.000000;;,
   12160;16;0.779268,-0.121975,0.614706,0.000000,0.585819,-0.206647,-0.783653,0.000000,0.222613,0.970783,-0.089578,0.000000,-33.736499,3.249799,-69.366157,1.000000;;,
   12320;16;0.841866,-0.107980,0.528774,0.000000,0.509609,-0.163469,-0.844735,0.000000,0.177653,0.980621,-0.082592,0.000000,-32.544525,-0.430530,-73.504755,1.000000;;,
   12480;16;0.893311,-0.084750,0.441376,0.000000,0.429840,-0.125739,-0.894107,0.000000,0.131274,0.988437,-0.075895,0.000000,-31.441181,-3.519848,-75.315859,1.000000;;,
   12640;16;0.933451,-0.054641,0.354518,0.000000,0.348593,-0.094821,-0.932466,0.000000,0.084567,0.993994,-0.069464,0.000000,-30.376982,-6.042073,-75.498176,1.000000;;,
   12800;16;0.963605,-0.020834,0.266517,0.000000,0.264470,-0.071150,-0.961766,0.000000,0.039000,0.997248,-0.063050,0.000000,-29.340294,-8.024434,-75.108064,1.000000;;,
   12960;16;0.983379,0.010891,0.181240,0.000000,0.181566,-0.056471,-0.981756,0.000000,-0.000458,0.998345,-0.057510,0.000000,-28.751264,-9.054096,-73.938003,1.000000;;,
   13120;16;0.994257,0.041191,0.098775,0.000000,0.100453,-0.040869,-0.994102,0.000000,-0.036911,0.998315,-0.044772,0.000000,-28.690570,-9.926090,-72.301370,1.000000;;,
   13280;16;0.997349,0.069495,0.021574,0.000000,0.023075,-0.020864,-0.999516,0.000000,-0.069011,0.997364,-0.022412,0.000000,-29.135827,-10.855566,-70.203437,1.000000;;,
   13440;16;0.993886,0.098608,-0.049660,0.000000,-0.050028,0.001260,-0.998747,0.000000,-0.098422,0.995126,0.006185,0.000000,-29.971472,-11.960070,-67.674912,1.000000;;,
   13600;16;0.984100,0.134664,-0.115813,0.000000,-0.119218,0.017472,-0.992714,0.000000,-0.131659,0.990737,0.033248,0.000000,-30.988803,-13.259528,-64.771955,1.000000;;,
   13760;16;0.967961,0.180974,-0.174066,0.000000,-0.179628,0.014678,-0.983625,0.000000,-0.175455,0.983378,0.046716,0.000000,-32.160893,-14.884909,-60.911642,1.000000;;,
   13920;16;0.950733,0.224176,-0.214131,0.000000,-0.222137,0.010816,-0.974956,0.000000,-0.216246,0.974489,0.060081,0.000000,-33.378806,-16.662970,-56.789805,1.000000;;,
